2019/08/14-10:17:58.739393 700003ac3000 RocksDB version: 5.17.2
2019/08/14-10:17:58.739491 700003ac3000 Git sha rocksdb_build_git_sha:f438b98e552010613cff8684a7d84191ed785148
2019/08/14-10:17:58.739494 700003ac3000 Compile date Nov 27 2018
2019/08/14-10:17:58.739497 700003ac3000 DB SUMMARY
2019/08/14-10:17:58.739571 700003ac3000 SST files in /Users/dai/Downloads/kkfileView/kkFileView-master/jodconverter-web/src/main/cache dir, Total Num: 0, files: 
2019/08/14-10:17:58.739575 700003ac3000 Write Ahead Log file in /Users/dai/Downloads/kkfileView/kkFileView-master/jodconverter-web/src/main/cache: 
2019/08/14-10:17:58.739577 700003ac3000                         Options.error_if_exists: 0
2019/08/14-10:17:58.739582 700003ac3000                       Options.create_if_missing: 1
2019/08/14-10:17:58.739583 700003ac3000                         Options.paranoid_checks: 1
2019/08/14-10:17:58.739584 700003ac3000                                     Options.env: 0x12c5151d8
2019/08/14-10:17:58.739586 700003ac3000                                Options.info_log: 0x7fecb0a40340
2019/08/14-10:17:58.739587 700003ac3000                Options.max_file_opening_threads: 16
2019/08/14-10:17:58.739588 700003ac3000                              Options.statistics: 0x0
2019/08/14-10:17:58.739589 700003ac3000                               Options.use_fsync: 0
2019/08/14-10:17:58.739590 700003ac3000                       Options.max_log_file_size: 0
2019/08/14-10:17:58.739592 700003ac3000                  Options.max_manifest_file_size: 1073741824
2019/08/14-10:17:58.739593 700003ac3000                   Options.log_file_time_to_roll: 0
2019/08/14-10:17:58.739594 700003ac3000                       Options.keep_log_file_num: 1000
2019/08/14-10:17:58.739595 700003ac3000                    Options.recycle_log_file_num: 0
2019/08/14-10:17:58.739596 700003ac3000                         Options.allow_fallocate: 1
2019/08/14-10:17:58.739597 700003ac3000                        Options.allow_mmap_reads: 0
2019/08/14-10:17:58.739599 700003ac3000                       Options.allow_mmap_writes: 0
2019/08/14-10:17:58.739600 700003ac3000                        Options.use_direct_reads: 0
2019/08/14-10:17:58.739601 700003ac3000                        Options.use_direct_io_for_flush_and_compaction: 0
2019/08/14-10:17:58.739602 700003ac3000          Options.create_missing_column_families: 0
2019/08/14-10:17:58.739603 700003ac3000                              Options.db_log_dir: 
2019/08/14-10:17:58.739604 700003ac3000                                 Options.wal_dir: /Users/dai/Downloads/kkfileView/kkFileView-master/jodconverter-web/src/main/cache
2019/08/14-10:17:58.739605 700003ac3000                Options.table_cache_numshardbits: 6
2019/08/14-10:17:58.739607 700003ac3000                      Options.max_subcompactions: 1
2019/08/14-10:17:58.739608 700003ac3000                  Options.max_background_flushes: -1
2019/08/14-10:17:58.739609 700003ac3000                         Options.WAL_ttl_seconds: 0
2019/08/14-10:17:58.739610 700003ac3000                       Options.WAL_size_limit_MB: 0
2019/08/14-10:17:58.739611 700003ac3000             Options.manifest_preallocation_size: 4194304
2019/08/14-10:17:58.739612 700003ac3000                     Options.is_fd_close_on_exec: 1
2019/08/14-10:17:58.739614 700003ac3000                   Options.advise_random_on_open: 1
2019/08/14-10:17:58.739615 700003ac3000                    Options.db_write_buffer_size: 0
2019/08/14-10:17:58.739616 700003ac3000                    Options.write_buffer_manager: 0x7fecb0a3f8a0
2019/08/14-10:17:58.739617 700003ac3000         Options.access_hint_on_compaction_start: 1
2019/08/14-10:17:58.739618 700003ac3000  Options.new_table_reader_for_compaction_inputs: 0
2019/08/14-10:17:58.739619 700003ac3000           Options.random_access_max_buffer_size: 1048576
2019/08/14-10:17:58.739620 700003ac3000                      Options.use_adaptive_mutex: 0
2019/08/14-10:17:58.739621 700003ac3000                            Options.rate_limiter: 0x0
2019/08/14-10:17:58.739626 700003ac3000     Options.sst_file_manager.rate_bytes_per_sec: 0
2019/08/14-10:17:58.739631 700003ac3000                       Options.wal_recovery_mode: 2
2019/08/14-10:17:58.739662 700003ac3000                  Options.enable_thread_tracking: 0
2019/08/14-10:17:58.739665 700003ac3000                  Options.enable_pipelined_write: 0
2019/08/14-10:17:58.739666 700003ac3000         Options.allow_concurrent_memtable_write: 1
2019/08/14-10:17:58.739667 700003ac3000      Options.enable_write_thread_adaptive_yield: 1
2019/08/14-10:17:58.739668 700003ac3000             Options.write_thread_max_yield_usec: 100
2019/08/14-10:17:58.739669 700003ac3000            Options.write_thread_slow_yield_usec: 3
2019/08/14-10:17:58.739671 700003ac3000                               Options.row_cache: None
2019/08/14-10:17:58.739672 700003ac3000                              Options.wal_filter: None
2019/08/14-10:17:58.739673 700003ac3000             Options.avoid_flush_during_recovery: 0
2019/08/14-10:17:58.739674 700003ac3000             Options.allow_ingest_behind: 0
2019/08/14-10:17:58.739675 700003ac3000             Options.preserve_deletes: 0
2019/08/14-10:17:58.739676 700003ac3000             Options.two_write_queues: 0
2019/08/14-10:17:58.739677 700003ac3000             Options.manual_wal_flush: 0
2019/08/14-10:17:58.739678 700003ac3000             Options.max_background_jobs: 2
2019/08/14-10:17:58.739680 700003ac3000             Options.max_background_compactions: -1
2019/08/14-10:17:58.739681 700003ac3000             Options.avoid_flush_during_shutdown: 0
2019/08/14-10:17:58.739682 700003ac3000           Options.writable_file_max_buffer_size: 1048576
2019/08/14-10:17:58.739683 700003ac3000             Options.delayed_write_rate : 16777216
2019/08/14-10:17:58.739684 700003ac3000             Options.max_total_wal_size: 0
2019/08/14-10:17:58.739685 700003ac3000             Options.delete_obsolete_files_period_micros: 21600000000
2019/08/14-10:17:58.739687 700003ac3000                   Options.stats_dump_period_sec: 600
2019/08/14-10:17:58.739688 700003ac3000                          Options.max_open_files: -1
2019/08/14-10:17:58.739689 700003ac3000                          Options.bytes_per_sync: 0
2019/08/14-10:17:58.739690 700003ac3000                      Options.wal_bytes_per_sync: 0
2019/08/14-10:17:58.739691 700003ac3000       Options.compaction_readahead_size: 0
2019/08/14-10:17:58.739692 700003ac3000 Compression algorithms supported:
2019/08/14-10:17:58.739698 700003ac3000 	kZSTD supported: 1
2019/08/14-10:17:58.739700 700003ac3000 	kZlibCompression supported: 1
2019/08/14-10:17:58.739701 700003ac3000 	kXpressCompression supported: 0
2019/08/14-10:17:58.739703 700003ac3000 	kSnappyCompression supported: 1
2019/08/14-10:17:58.739704 700003ac3000 	kZSTDNotFinalCompression supported: 1
2019/08/14-10:17:58.739705 700003ac3000 	kLZ4HCCompression supported: 1
2019/08/14-10:17:58.739706 700003ac3000 	kLZ4Compression supported: 1
2019/08/14-10:17:58.739707 700003ac3000 	kBZip2Compression supported: 1
2019/08/14-10:17:58.739713 700003ac3000 Fast CRC32 supported: Not supported on x86
2019/08/14-10:17:58.739935 700003ac3000 [db/db_impl_open.cc:230] Creating manifest 1 
2019/08/14-10:17:58.741524 700003ac3000 [db/version_set.cc:3406] Recovering from manifest file: MANIFEST-000001
2019/08/14-10:17:58.741635 700003ac3000 [db/column_family.cc:475] --------------- Options for column family [default]:
2019/08/14-10:17:58.741639 700003ac3000               Options.comparator: leveldb.BytewiseComparator
2019/08/14-10:17:58.741641 700003ac3000           Options.merge_operator: None
2019/08/14-10:17:58.741642 700003ac3000        Options.compaction_filter: None
2019/08/14-10:17:58.741643 700003ac3000        Options.compaction_filter_factory: None
2019/08/14-10:17:58.741645 700003ac3000         Options.memtable_factory: SkipListFactory
2019/08/14-10:17:58.741646 700003ac3000            Options.table_factory: BlockBasedTable
2019/08/14-10:17:58.741676 700003ac3000            table_factory options:   flush_block_policy_factory: FlushBlockBySizePolicyFactory (0x7fecae6c7380)
  cache_index_and_filter_blocks: 0
  cache_index_and_filter_blocks_with_high_priority: 0
  pin_l0_filter_and_index_blocks_in_cache: 0
  pin_top_level_index_and_filter: 1
  index_type: 0
  hash_index_allow_collision: 1
  checksum: 1
  no_block_cache: 0
  block_cache: 0x7fecae6cc6d8
  block_cache_name: LRUCache
  block_cache_options:
    capacity : 8388608
    num_shard_bits : 4
    strict_capacity_limit : 0
    high_pri_pool_ratio: 0.000
  block_cache_compressed: 0x0
  persistent_cache: 0x0
  block_size: 4096
  block_size_deviation: 10
  block_restart_interval: 16
  index_block_restart_interval: 1
  metadata_block_size: 4096
  partition_filters: 0
  use_delta_encoding: 1
  filter_policy: nullptr
  whole_key_filtering: 1
  verify_compression: 0
  read_amp_bytes_per_bit: 0
  format_version: 2
  enable_index_compression: 1
  block_align: 0
2019/08/14-10:17:58.741722 700003ac3000        Options.write_buffer_size: 67108864
2019/08/14-10:17:58.741725 700003ac3000  Options.max_write_buffer_number: 2
2019/08/14-10:17:58.741726 700003ac3000          Options.compression: Snappy
2019/08/14-10:17:58.741727 700003ac3000                  Options.bottommost_compression: Disabled
2019/08/14-10:17:58.741729 700003ac3000       Options.prefix_extractor: nullptr
2019/08/14-10:17:58.741730 700003ac3000   Options.memtable_insert_with_hint_prefix_extractor: nullptr
2019/08/14-10:17:58.741731 700003ac3000             Options.num_levels: 7
2019/08/14-10:17:58.741732 700003ac3000        Options.min_write_buffer_number_to_merge: 1
2019/08/14-10:17:58.741733 700003ac3000     Options.max_write_buffer_number_to_maintain: 0
2019/08/14-10:17:58.741734 700003ac3000            Options.bottommost_compression_opts.window_bits: -14
2019/08/14-10:17:58.741736 700003ac3000                  Options.bottommost_compression_opts.level: 32767
2019/08/14-10:17:58.741737 700003ac3000               Options.bottommost_compression_opts.strategy: 0
2019/08/14-10:17:58.741738 700003ac3000         Options.bottommost_compression_opts.max_dict_bytes: 0
2019/08/14-10:17:58.741739 700003ac3000         Options.bottommost_compression_opts.zstd_max_train_bytes: 0
2019/08/14-10:17:58.741740 700003ac3000                  Options.bottommost_compression_opts.enabled: false
2019/08/14-10:17:58.741741 700003ac3000            Options.compression_opts.window_bits: -14
2019/08/14-10:17:58.741743 700003ac3000                  Options.compression_opts.level: 32767
2019/08/14-10:17:58.741748 700003ac3000               Options.compression_opts.strategy: 0
2019/08/14-10:17:58.741750 700003ac3000         Options.compression_opts.max_dict_bytes: 0
2019/08/14-10:17:58.741751 700003ac3000         Options.compression_opts.zstd_max_train_bytes: 0
2019/08/14-10:17:58.741753 700003ac3000                  Options.compression_opts.enabled: false
2019/08/14-10:17:58.741754 700003ac3000      Options.level0_file_num_compaction_trigger: 4
2019/08/14-10:17:58.741755 700003ac3000          Options.level0_slowdown_writes_trigger: 20
2019/08/14-10:17:58.741756 700003ac3000              Options.level0_stop_writes_trigger: 36
2019/08/14-10:17:58.741757 700003ac3000                   Options.target_file_size_base: 67108864
2019/08/14-10:17:58.741758 700003ac3000             Options.target_file_size_multiplier: 1
2019/08/14-10:17:58.741759 700003ac3000                Options.max_bytes_for_level_base: 268435456
2019/08/14-10:17:58.741761 700003ac3000 Options.level_compaction_dynamic_level_bytes: 0
2019/08/14-10:17:58.741762 700003ac3000          Options.max_bytes_for_level_multiplier: 10.000000
2019/08/14-10:17:58.741771 700003ac3000 Options.max_bytes_for_level_multiplier_addtl[0]: 1
2019/08/14-10:17:58.741773 700003ac3000 Options.max_bytes_for_level_multiplier_addtl[1]: 1
2019/08/14-10:17:58.741774 700003ac3000 Options.max_bytes_for_level_multiplier_addtl[2]: 1
2019/08/14-10:17:58.741775 700003ac3000 Options.max_bytes_for_level_multiplier_addtl[3]: 1
2019/08/14-10:17:58.741776 700003ac3000 Options.max_bytes_for_level_multiplier_addtl[4]: 1
2019/08/14-10:17:58.741777 700003ac3000 Options.max_bytes_for_level_multiplier_addtl[5]: 1
2019/08/14-10:17:58.741779 700003ac3000 Options.max_bytes_for_level_multiplier_addtl[6]: 1
2019/08/14-10:17:58.741802 700003ac3000       Options.max_sequential_skip_in_iterations: 8
2019/08/14-10:17:58.741805 700003ac3000                    Options.max_compaction_bytes: 1677721600
2019/08/14-10:17:58.741806 700003ac3000                        Options.arena_block_size: 8388608
2019/08/14-10:17:58.741807 700003ac3000   Options.soft_pending_compaction_bytes_limit: 68719476736
2019/08/14-10:17:58.741808 700003ac3000   Options.hard_pending_compaction_bytes_limit: 274877906944
2019/08/14-10:17:58.741809 700003ac3000       Options.rate_limit_delay_max_milliseconds: 100
2019/08/14-10:17:58.741811 700003ac3000                Options.disable_auto_compactions: 0
2019/08/14-10:17:58.741813 700003ac3000                        Options.compaction_style: kCompactionStyleLevel
2019/08/14-10:17:58.741814 700003ac3000                          Options.compaction_pri: kByCompensatedSize
2019/08/14-10:17:58.741816 700003ac3000 Options.compaction_options_universal.size_ratio: 1
2019/08/14-10:17:58.741817 700003ac3000 Options.compaction_options_universal.min_merge_width: 2
2019/08/14-10:17:58.741818 700003ac3000 Options.compaction_options_universal.max_merge_width: 4294967295
2019/08/14-10:17:58.741819 700003ac3000 Options.compaction_options_universal.max_size_amplification_percent: 200
2019/08/14-10:17:58.741820 700003ac3000 Options.compaction_options_universal.compression_size_percent: -1
2019/08/14-10:17:58.741822 700003ac3000 Options.compaction_options_universal.stop_style: kCompactionStopStyleTotalSize
2019/08/14-10:17:58.741828 700003ac3000 Options.compaction_options_fifo.max_table_files_size: 1073741824
2019/08/14-10:17:58.741830 700003ac3000 Options.compaction_options_fifo.allow_compaction: 0
2019/08/14-10:17:58.741831 700003ac3000 Options.compaction_options_fifo.ttl: 0
2019/08/14-10:17:58.741832 700003ac3000                   Options.table_properties_collectors: 
2019/08/14-10:17:58.741833 700003ac3000                   Options.inplace_update_support: 0
2019/08/14-10:17:58.741834 700003ac3000                 Options.inplace_update_num_locks: 10000
2019/08/14-10:17:58.741835 700003ac3000               Options.memtable_prefix_bloom_size_ratio: 0.000000
2019/08/14-10:17:58.741837 700003ac3000   Options.memtable_huge_page_size: 0
2019/08/14-10:17:58.741838 700003ac3000                           Options.bloom_locality: 0
2019/08/14-10:17:58.741839 700003ac3000                    Options.max_successive_merges: 0
2019/08/14-10:17:58.741840 700003ac3000                Options.optimize_filters_for_hits: 0
2019/08/14-10:17:58.741842 700003ac3000                Options.paranoid_file_checks: 0
2019/08/14-10:17:58.741843 700003ac3000                Options.force_consistency_checks: 0
2019/08/14-10:17:58.741844 700003ac3000                Options.report_bg_io_stats: 0
2019/08/14-10:17:58.741845 700003ac3000                               Options.ttl: 0
2019/08/14-10:17:58.742561 700003ac3000 [db/version_set.cc:3610] Recovered from manifest file:/Users/dai/Downloads/kkfileView/kkFileView-master/jodconverter-web/src/main/cache/MANIFEST-000001 succeeded,manifest_file_number is 1, next_file_number is 3, last_sequence is 0, log_number is 0,prev_log_number is 0,max_column_family is 0,min_log_number_to_keep is 0
2019/08/14-10:17:58.742579 700003ac3000 [db/version_set.cc:3618] Column family [default] (ID 0), log number is 0
2019/08/14-10:17:58.746636 700003ac3000 [db/db_impl_open.cc:1287] DB pointer 0x7fecafdcac00
